13
5
5
1
11100;
00010;
00010;
01100;
11111;

1
01100;
10010;
00010;
01100;
11111;

1
01110;
10010;
00010;
01100;
11111;

1
01110;
00001;
00110;
01000;
01111;

0
00011;
00001;
00001;
00001;
00001;

0
11111;
10001;
10001;
10001;
11111;

0
11111;
00100;
00100;
00100;
00100;

0
11111;
10001;
11111;
10001;
11111;

1
01110;
10001;
00110;
01000;
11111;

0
11111;
00001;
01110;
00001;
11111;

0
10001;
10001;
11111;
00001;
00001;

1
01110;
10001;
00111;
01000;
10111;

0
01110;
10001;
11111;
00100;
11111;

